RUN = [
      0          0          0     136533     136533    4
      8          0          0     136533     136533    7
     16          0          0     136533     136533   11
     24         14       1641     136533     134893   15
     32         71       6782     136533     129751   18
     40        195      14955     136533     121578   20
     48        396      24489     136533     112044   22
     56        671      33757     136533     102776   23
     64       1029      44063     136533      92470   25
     72       1458      53027     136533      83506   26
     80       1964      62611     136533      73922   27
     88       2543      71765     136533      64769   27
     96       3182      79368     136533      57165   28
    104       3873      85937     136533      50596   28
    112       4610      91738     136533      44795   29
    120       5391      97257     136533      39276   29
    128       6217     102875     136533      33658   30
    136       7083     107914     136533      28619   30
    144       7987     112682     136533      23851   30
    152       8915     115793     136533      20741   30
    160       9866     118682     136533      17851   30
    168      10838     121324     136533      15209   30
    176      11828     123598     136533      12935   30
    184      12831     125264     136533      11269   30
    192      13849     127126     136533       9407   30
    200      14880     128766     136533       7768   30
    208      15922     130157     136533       6376   30
    216      16970     130947     136533       5586   30
    224      18023     131583     136533       4951   30
    232      19083     132443     136533       4091   30
    240      20148     133082     136533       3451   30
    248      21215     133357     136533       3177   31
    256      22293     134663     136533       1870   30
    264      23380     135799     136533        734   30
    272      24468     135987     136533        546   30
    280      25552     135530     136533       1003   30
    288      26634     135268     136533       1266   30
    296      27718     135485     136533       1048   30
    304      28802     135499     136533       1034   30
    312      29885     135383     136533       1151   31
    320      30977     136430     136533        103   30
    328      32077     137433     136533       -900   30
    336      33175     137261     136533       -728   30
    344      34268     136665     136533       -131   30
    352      35360     136510     136533         23   30
    360      36451     136383     136533        150   30
    368      37540     136141     136533        392   30
    376      38630     136243     136533        290   30
    384      39725     136836     136533       -302   30
    392      40821     136990     136533       -456   30
    400      41914     136648     136533       -114   30
    408      43006     136509     136533         24   30
    416      44098     136501     136533         33   30
    424      45191     136617     136533        -84   30
    432      46282     136390     136533        143   30
    440      47378     136962     136533       -429   30
    448      48478     137466     136533       -933   30
    456      49578     137498     136533       -965   30
    464      50673     136914     136533       -381   30
    472      51768     136877     136533       -344   30
    480      52863     136875     136533       -342   30
    488      53957     136758     136533       -224   30
    496      55053     136985     136533       -452   30
    504      56153     137468     136533       -934   30
    512      57254     137615     136533      -1082   30
    520      58352     137273     136533       -739   30
    528      59447     136900     136533       -367   30
    536      60542     136877     136533       -343   30
    544      61636     136758     136533       -225   30
    552      62730     136750     136533       -217   30
    560      63828     137219     136533       -685   30
    568      64929     137600     136533      -1066   30
    576      66029     137506     136533       -973   30
    584      67126     137149     136533       -615   30
    592      68222     137009     136533       -476   30
    600      69319     137118     136533       -584   30
    608      70415     137007     136533       -474   30
    616      71514     137352     136533       -819   30
    624      72617     137842     136533      -1309   30
    632      73722     138107     136533      -1574   30
    640      74823     137655     136533      -1122   30
    648      75922     137393     136533       -859   30
    656      77021     137376     136533       -843   30
    664      78119     137258     136533       -725   30
    672      79217     137250     136533       -717   30
    680      80318     137602     136533      -1068   30
    688      81420     137741     136533      -1207   30
    696      82521     137632     136533      -1099   30
    704      83618     137157     136533       -623   30
    712      84715     137127     136533       -594   30
    720      85811     137008     136533       -475   30
    728      86906     136883     136533       -350   30
    736      88003     137110     136533       -577   30
    744      89103     137476     136533       -942   29
    752      90201     137264     136533       -731   29
    760      91286     135727     136533        806   30
    768      92367     135163     136533       1371   30
    776      93452     135596     136533        937   30
    784      94537     135623     136533        910   30
    792      95627     136211     136533        323   30
    800      96720     136599     136533        -66   30
    808      97817     137092     136533       -559   30
    816      98913     137006     136533       -472   30
    824     100005     136532     136533          2   30
    832     101097     136502     136533         31   30
    840     102189     136500     136533         33   30
    848     103282     136617     136533        -84   30
    856     104379     137093     136533       -560   30
    864     105479     137475     136533       -941   29
    872     106577     137264     136533       -731   29
    880     107663     135845     136533        689   30
    888     108746     135404     136533       1129   30
    896     109831     135611     136533        922   30
    904     110917     135741     136533        792   30
    912     112007     136218     136533        315   30
    920     113102     136834     136533       -301   30
    928     114201     137341     136533       -808   30
    936     115300     137373     136533       -840   30
    944     116396     137023     136533       -490   30
    952     117492     137001     136533       -468   30
    960     118588     137000     136533       -467   30
    968     119684     137000     136533       -467   30
    976     120783     137352     136533       -818   29
    984     121879     137022     136533       -489   29
    992     122968     136181     136533        352   30
   1000     124050     135308     136533       1225   30
   1008     125132     135254     136533       1280   30
   1016     126216     135485     136533       1049   30
   1024     127301     135616     136533        917   30
   1032     128389     135976     136533        557   30
   1040     129481     136467     136533         66   30
   1048     130577     136967     136533       -433   30
   1056     131672     136881     136533       -347   30
   1064     132764     136524     136533         10   30
   1072     133856     136501     136533         32   30
   1080     134949     136617     136533        -84   30
   1088     136042     136625     136533        -91   30
   1096     137139     137094     136533       -560   30
   1104     138239     137475     136533       -941   30
   1112     139341     137733     136533      -1199   29
