RUN = [
      0          0      17022     273067     256045    5
      8          0       1064     273067     272003   15
     16         37       4402     273067     268664   21
     24        182      17267     273067     255799   27
     32        466      34360     273067     238706   31
     40        900      53007     273067     220060   35
     48       1503      73977     273067     199090   38
     56       2275      95092     273067     177974   40
     64       3205     114928     273067     158139   42
     72       4277     132808     273067     140259   43
     80       5470     148105     273067     124961   45
     88       6776     162303     273067     110763   46
     96       8193     176199     273067      96868   47
    104       9712     189020     273067      84046   48
    112      11326     200954     273067      72112   48
    120      13018     210841     273067      62226   49
    128      14772     218724     273067      54342   49
    136      16588     226483     273067      46584   50
    144      18459     233413     273067      39654   50
    152      20381     239823     273067      33244   50
    160      22335     243973     273067      29093   50
    168      24318     247631     273067      25436   51
    176      26333     251610     273067      21457   51
    184      28382     255843     273067      17224   51
    192      30450     258334     273067      14733   51
    200      32535     260482     273067      12585   51
    208      34639     262843     273067      10224   51
    216      36759     264865     273067       8202   51
    224      38884     265578     273067       7489   51
    232      41016     266442     273067       6624   51
    240      43158     267668     273067       5398   51
    248      45307     268565     273067       4501   51
    256      47454     268387     273067       4680   51
    264      49605     268844     273067       4222   51
    272      51763     269693     273067       3373   51
    280      53924     270098     273067       2969   51
    288      56081     269655     273067       3412   51
    296      58241     269978     273067       3088   51
    304      60406     270585     273067       2482   51
    312      62571     270622     273067       2444   51
    320      64731     270039     273067       3028   52
    328      66900     271057     273067       2010   51
    336      69077     272058     273067       1008   51
    344      71251     271769     273067       1297   51
    352      73422     271400     273067       1667   52
    360      75599     272080     273067        987   51
    368      77782     272825     273067        241   51
    376      79959     272169     273067        898   52
    384      82138     272362     273067        705   52
    392      84328     273663     273067       -597   51
    400      86522     274213     273067      -1147   51
    408      88707     273193     273067       -126   51
    416      90887     272543     273067        523   51
    424      93067     272503     273067        564   51
    432      95245     272266     273067        801   52
    440      97420     271899     273067       1167   52
    448      99604     272931     273067        135   51
    456     101793     273582     273067       -515   51
    464     103975     272802     273067        265   51
    472     106151     272050     273067       1017   52
    480     108332     272589     273067        478   52
    488     110523     273795     273067       -728   51
    496     112711     273518     273067       -452   51
    504     114893     272798     273067        269   52
    512     117081     273456     273067       -389   51
    520     119272     273849     273067       -782   51
    528     121456     273053     273067         14   51
    536     123637     272652     273067        415   52
    544     125824     273330     273067       -263   51
    552     128012     273489     273067       -423   51
    560     130192     272562     273067        505   52
    568     132375     272855     273067        211   51
    576     134563     273460     273067       -393   51
    584     136745     272794     273067        272   51
    592     138922     272167     273067        900   52
    600     141103     272596     273067        470   52
    608     143295     273912     273067       -846   51
    616     145484     273643     273067       -576   51
    624     147667     272923     273067        144   51
    632     149852     273112     273067        -46   51
    640     152036     273007     273067         60   51
    648     154213     272180     273067        887   52
    656     156391     272246     273067        821   52
    664     158582     273773     273067       -706   51
    672     160773     273869     273067       -802   51
    680     162954     272703     273067        364   52
    688     165139     273099     273067        -32   51
    696     167328     273592     273067       -525   51
    704     169512     273037     273067         30   51
    712     171689     272182     273067        885   52
    720     173871     272714     273067        352   52
    728     176062     273802     273067       -736   51
    736     178249     273402     273067       -335   51
    744     180429     272556     273067        510   52
    752     182614     273089     273067        -23   51
    760     184803     273592     273067       -525   51
    768     186984     272685     273067        381   52
    776     189165     272629     273067        438   52
    784     191357     273914     273067       -848   51
    792     193550     274112     273067      -1045   51
    800     195732     272835     273067        232   51
    808     197912     272521     273067        546   52
    816     200098     273204     273067       -138   51
    824     202284     273247     273067       -180   51
    832     204463     272430     273067        637   52
    840     206647     272964     273067        102   51
    848     208837     273701     273067       -634   51
    856     211020     272927     273067        140   51
    864     213197     272175     273067        892   52
    872     215381     272948     273067        118   51
    880     217570     273583     273067       -516   51
    888     219751     272685     273067        382   52
    896     221933     272746     273067        321   52
    904     224126     274039     273067       -972   51
    912     226320     274237     273067      -1170   51
    920     228506     273312     273067       -245   51
    928     230689     272902     273067        164   51
    936     232876     273345     273067       -279   51
    944     235058     272787     273067        279   51
    952     237235     272166     273067        900   52
    960     239416     272596     273067        470   52
    968     241608     273912     273067       -846   51
    976     243795     273409     273067       -342   51
    984     245975     272557     273067        510   52
    992     248159     272972     273067         94   51
   1000     250349     273701     273067       -635   51
   1008     252530     272692     273067        374   51
   1016     254708     272278     273067        789   52
   1024     256893     273072     273067         -5   51
   1032     259082     273590     273067       -524   51
   1040     261263     272685     273067        381   52
   1048     263446     272863     273067        204   51
   1056     265635     273577     273067       -511   51
   1064     267820     273153     273067        -87   51
   1072     269997     272189     273067        877   52
   1080     272179     272715     273067        352   52
   1088     274372     274037     273067       -970   51
   1096     276563     273885     273067       -818   51
   1104     278748     273173     273067       -106   51
   1112     280933     273128     273067        -61   51
